7_S7_L001.scaf.txt	SINV_7_SANGER_MH719200	1.84013	17.58607	0.00000	0.00000	91204	0
7_S7_L001.scaf.txt	SINV_10_SANGER_MH727527	0.28571	2.57079	0.00000	0.00000	14161	0
7_S7_L001.scaf.txt	SINV_6f_SANGER_FORMOSA_MH714707	0.15719	1.46823	0.06081	0.53015	7791	3014
7_S7_L001.scaf.txt	SINV_13_SANGER_MH727530	0.12921	1.19220	0.00000	0.00000	6404	0
7_S7_L001.scaf.txt	SINV_12_SANGER_MH727529	0.11670	0.99804	0.00000	0.00000	5784	0
7_S7_L001.scaf.txt	SINV_8_SANGER_MH727525	0.07344	0.60266	0.00000	0.00000	3640	0
7_S7_L001.scaf.txt	SINV_9_SANGER_MH727526	0.05448	0.49331	0.00002	0.00007	2700	1
7_S7_L001.scaf.txt	Solenopsis_Midden_Virus_MH727531	0.04271	0.38846	0.00000	0.00000	2117	0
7_S7_L001.scaf.txt	SINV_6h_SANGER_HOGTOWN_MH714708	0.01759	0.17088	0.06103	0.53559	872	3025
7_S7_L001.scaf.txt	SINV_11_SANGER_MH727528	0.00851	0.08042	0.00000	0.00000	422	0
2_S2_L001.scaf.txt	SINV_7_SANGER_MH719200	5.10260	11.13606	0.00000	0.00000	46717	0
2_S2_L001.scaf.txt	SINV_6f_SANGER_FORMOSA_MH714707	0.63372	1.37359	0.28617	0.57864	5802	2620
2_S2_L001.scaf.txt	SINV_8_SANGER_MH727525	0.58369	1.25002	0.00000	0.00000	5344	0
2_S2_L001.scaf.txt	SINV_11_SANGER_MH727528	0.06903	0.15023	0.00000	0.00000	632	0
2_S2_L001.scaf.txt	SINV_13_SANGER_MH727530	0.04642	0.10120	0.00000	0.00000	425	0
2_S2_L001.scaf.txt	SINV_6h_SANGER_HOGTOWN_MH714708	0.01638	0.03409	0.28365	0.57212	150	2597
2_S2_L001.scaf.txt	SINV_12_SANGER_MH727529	0.01617	0.03291	0.00000	0.00000	148	0
2_S2_L001.scaf.txt	SINV_9_SANGER_MH727526	0.00044	0.00062	0.00000	0.00000	4	0
1_S1_L001.scaf.txt	SINV_7_SANGER_MH719200	3.54716	6.94487	0.00000	0.00000	30533	0
1_S1_L001.scaf.txt	SINV_6f_SANGER_FORMOSA_MH714707	1.75470	3.47546	0.80741	1.49885	15104	6950
1_S1_L001.scaf.txt	SINV_6h_SANGER_HOGTOWN_MH714708	0.04868	0.09402	0.80300	1.48922	419	6912
1_S1_L001.scaf.txt	SINV_12_SANGER_MH727529	0.03032	0.05874	0.00000	0.00000	261	0
1_S1_L001.scaf.txt	SINV_8_SANGER_MH727525	0.00860	0.01113	0.00000	0.00000	74	0
1_S1_L001.scaf.txt	SINV_11_SANGER_MH727528	0.00674	0.01305	0.00000	0.00000	58	0
1_S1_L001.scaf.txt	SINV_10_SANGER_MH727527	0.00569	0.01074	0.00000	0.00000	49	0
1_S1_L001.scaf.txt	SINV_13_SANGER_MH727530	0.00221	0.00471	0.00000	0.00000	19	0
1_S1_L001.scaf.txt	SINV_9_SANGER_MH727526	0.00023	0.00033	0.00000	0.00000	2	0
4_S4_L001.scaf.txt	SINV_7_SANGER_MH719200	3.05204	9.22094	0.00000	0.00000	38966	0
4_S4_L001.scaf.txt	SINV_6f_SANGER_FORMOSA_MH714707	0.86025	2.59156	0.41301	1.17118	10983	5273
4_S4_L001.scaf.txt	SINV_10_SANGER_MH727527	0.51335	1.54514	0.00000	0.00000	6554	0
4_S4_L001.scaf.txt	SINV_8_SANGER_MH727525	0.12532	0.35840	0.00000	0.00000	1600	0
4_S4_L001.scaf.txt	SINV_12_SANGER_MH727529	0.08083	0.23024	0.00000	0.00000	1032	0
4_S4_L001.scaf.txt	SINV_6h_SANGER_HOGTOWN_MH714708	0.06047	0.17717	0.41333	1.17278	772	5277
4_S4_L001.scaf.txt	SINV_11_SANGER_MH727528	0.02749	0.08345	0.00000	0.00000	351	0
4_S4_L001.scaf.txt	SINV_13_SANGER_MH727530	0.00423	0.01366	0.00000	0.00000	54	0
4_S4_L001.scaf.txt	Solenopsis_Midden_Virus_MH727531	0.00016	0.00038	0.00000	0.00000	2	0
3_S3_L001.scaf.txt	SINV_7_SANGER_MH719200	3.65869	6.67232	0.00000	0.00000	29226	0
3_S3_L001.scaf.txt	SINV_6f_SANGER_FORMOSA_MH714707	2.65382	4.84778	1.30194	2.22834	21199	10400
3_S3_L001.scaf.txt	SINV_6h_SANGER_HOGTOWN_MH714708	0.16274	0.30129	1.29943	2.22475	1300	10380
3_S3_L001.scaf.txt	SINV_9_SANGER_MH727526	0.12869	0.22826	0.00000	0.00000	1028	0
3_S3_L001.scaf.txt	SINV_12_SANGER_MH727529	0.02892	0.04957	0.00000	0.00000	231	0
3_S3_L001.scaf.txt	SINV_8_SANGER_MH727525	0.00689	0.01112	0.00000	0.00000	55	0
3_S3_L001.scaf.txt	SINV_11_SANGER_MH727528	0.00501	0.00905	0.00000	0.00000	40	0
3_S3_L001.scaf.txt	SINV_13_SANGER_MH727530	0.00451	0.00750	0.00000	0.00000	36	0
3_S3_L001.scaf.txt	SINV_10_SANGER_MH727527	0.00325	0.00565	0.00000	0.00000	26	0
3_S3_L001.scaf.txt	Solenopsis_Midden_Virus_MH727531	0.00025	0.00056	0.00000	0.00000	2	0
8_S8_L001.scaf.txt	SINV_7_SANGER_MH719200	0.78923	3.51601	0.00000	0.00000	21381	0
8_S8_L001.scaf.txt	SINV_6f_SANGER_FORMOSA_MH714707	0.25012	1.10897	0.12022	0.50011	6776	3257
8_S8_L001.scaf.txt	SINV_8_SANGER_MH727525	0.21642	0.85539	0.00000	0.00000	5863	0
8_S8_L001.scaf.txt	SINV_10_SANGER_MH727527	0.07855	0.33407	0.00000	0.00000	2128	0
8_S8_L001.scaf.txt	SINV_12_SANGER_MH727529	0.03968	0.16051	0.00000	0.00000	1075	0
8_S8_L001.scaf.txt	SINV_6h_SANGER_HOGTOWN_MH714708	0.02565	0.11092	0.12000	0.49945	695	3251
8_S8_L001.scaf.txt	SINV_11_SANGER_MH727528	0.01373	0.06079	0.00000	0.00000	372	0
8_S8_L001.scaf.txt	SINV_9_SANGER_MH727526	0.00960	0.04138	0.00000	0.00000	260	0
8_S8_L001.scaf.txt	Solenopsis_Midden_Virus_MH727531	0.00454	0.02078	0.00000	0.00000	123	0
8_S8_L001.scaf.txt	SINV_13_SANGER_MH727530	0.00126	0.00583	0.00000	0.00000	34	0
5_S5_L001.scaf.txt	SINV_7_SANGER_MH719200	49.04076	147.84261	0.00000	0.00000	623874	0
5_S5_L001.scaf.txt	SINV_12_SANGER_MH727529	0.01163	0.03202	0.00000	0.00000	148	0
5_S5_L001.scaf.txt	SINV_13_SANGER_MH727530	0.00660	0.02015	0.00000	0.00000	84	0
5_S5_L001.scaf.txt	SINV_6f_SANGER_FORMOSA_MH714707	0.00322	0.00995	0.00149	0.00462	41	19
5_S5_L001.scaf.txt	SINV_11_SANGER_MH727528	0.00126	0.00370	0.00000	0.00000	16	0
5_S5_L001.scaf.txt	Solenopsis_Midden_Virus_MH727531	0.00094	0.00286	0.00000	0.00000	12	0
5_S5_L001.scaf.txt	SINV_9_SANGER_MH727526	0.00016	0.00058	0.00000	0.00000	2	0
5_S5_L001.scaf.txt	SINV_6h_SANGER_HOGTOWN_MH714708	0.00008	0.00030	0.00141	0.00431	1	18
6_S6_L001.scaf.txt	SINV_7_SANGER_MH719200	11.99311	20.27537	0.00000	0.00000	87359	0
6_S6_L001.scaf.txt	SINV_12_SANGER_MH727529	0.07757	0.11472	0.00000	0.00000	565	0
6_S6_L001.scaf.txt	SINV_6f_SANGER_FORMOSA_MH714707	0.00906	0.01622	0.00412	0.00702	66	30
6_S6_L001.scaf.txt	SINV_6h_SANGER_HOGTOWN_MH714708	0.00192	0.00285	0.00412	0.00702	14	30
6_S6_L001.scaf.txt	SINV_8_SANGER_MH727525	0.00069	0.00061	0.00000	0.00000	5	0
6_S6_L001.scaf.txt	Solenopsis_Midden_Virus_MH727531	0.00055	0.00071	0.00000	0.00000	4	0
