6_S6_L001.cov.txt	SINV_6f_SANGER_FORMOSA_MH714707	2.3678	9816	0.4030	50.0509	4913	47	49	0.3945	1	3.69
6_S6_L001.cov.txt	SINV_6h_SANGER_HOGTOWN_MH714708	0.2906	9815	0.4019	9.9949	981	7	7	0.4055	0	0.98
6_S6_L001.cov.txt	SINV_7_SANGER_MH719200	1965.0977	10282	0.4342	100.0000	10282	42904	44454	0.4473	1860	656.25
6_S6_L001.cov.txt	SINV_8_SANGER_MH727525	0.0499	12194	0.3749	2.4930	304	3	2	0.3941	0	0.33
6_S6_L001.cov.txt	SINV_9_SANGER_MH727526	0.0000	10178	0.3448	0.0000	0	0	0	0.0000	-1	0.00
6_S6_L001.cov.txt	SINV_10_SANGER_MH727527	0.0000	10997	0.3754	0.0000	0	0	0	0.0000	-1	0.00
6_S6_L001.cov.txt	SINV_11_SANGER_MH727528	0.0000	9209	0.4219	0.0000	0	0	0	0.0000	-1	0.00
6_S6_L001.cov.txt	SINV_12_SANGER_MH727529	12.0115	9540	0.3658	6.3522	606	212	353	0.3745	0	63.52
6_S6_L001.cov.txt	SINV_13_SANGER_MH727530	0.0000	8324	0.3913	0.0000	0	0	0	0.0000	-1	0.00
6_S6_L001.cov.txt	Solenopsis_Midden_Virus_MH727531	0.1049	6766	0.4545	5.2468	355	2	2	0.4485	0	0.45
2_S2_L001.cov.txt	SINV_6f_SANGER_FORMOSA_MH714707	197.9097	9816	0.4030	99.8472	9801	4169	4227	0.3974	75	264.42
2_S2_L001.cov.txt	SINV_6h_SANGER_HOGTOWN_MH714708	4.6691	9815	0.4019	45.3184	4448	94	98	0.4014	0	10.87
2_S2_L001.cov.txt	SINV_7_SANGER_MH719200	1080.4001	10282	0.4342	100.0000	10282	23022	23695	0.4589	889	653.82
2_S2_L001.cov.txt	SINV_8_SANGER_MH727525	101.6734	12194	0.3749	100.0000	12194	2655	2689	0.3798	99	39.13
2_S2_L001.cov.txt	SINV_9_SANGER_MH727526	0.0607	10178	0.3448	3.0360	309	2	2	0.4117	0	0.34
2_S2_L001.cov.txt	SINV_10_SANGER_MH727527	0.0000	10997	0.3754	0.0000	0	0	0	0.0000	-1	0.00
2_S2_L001.cov.txt	SINV_11_SANGER_MH727528	16.3070	9209	0.4219	80.7362	7435	314	318	0.4190	7	21.72
2_S2_L001.cov.txt	SINV_12_SANGER_MH727529	3.4383	9540	0.3658	72.1488	6883	70	78	0.3779	2	4.43
2_S2_L001.cov.txt	SINV_13_SANGER_MH727530	12.1385	8324	0.3913	92.7198	7718	212	213	0.4108	9	10.02
2_S2_L001.cov.txt	Solenopsis_Midden_Virus_MH727531	0.0000	6766	0.4545	0.0000	0	0	0	0.0000	-1	0.00
7_S7_L001.cov.txt	SINV_6f_SANGER_FORMOSA_MH714707	201.7591	9816	0.4030	99.8676	9803	5329	5383	0.4110	192	121.85
7_S7_L001.cov.txt	SINV_6h_SANGER_HOGTOWN_MH714708	20.9024	9815	0.4019	54.8650	5385	504	508	0.3981	1	49.38
7_S7_L001.cov.txt	SINV_7_SANGER_MH719200	1707.7983	10282	0.4342	100.0000	10282	45219	45987	0.4414	1642	847.08
7_S7_L001.cov.txt	SINV_8_SANGER_MH727525	49.1160	12194	0.3749	99.7212	12160	1809	1831	0.3795	38	67.56
7_S7_L001.cov.txt	SINV_9_SANGER_MH727526	48.4684	10178	0.3448	97.5830	9932	1341	1360	0.3576	46	28.20
7_S7_L001.cov.txt	SINV_10_SANGER_MH727527	233.6018	10997	0.3754	99.8090	10976	7067	7094	0.3870	228	94.02
7_S7_L001.cov.txt	SINV_11_SANGER_MH727528	8.7327	9209	0.4219	95.6673	8810	211	211	0.4258	8	5.40
7_S7_L001.cov.txt	SINV_12_SANGER_MH727529	104.5088	9540	0.3658	95.3564	9097	2547	3237	0.3720	7	530.55
7_S7_L001.cov.txt	SINV_13_SANGER_MH727530	143.0161	8324	0.3913	99.0990	8249	3192	3212	0.4058	138	74.61
7_S7_L001.cov.txt	Solenopsis_Midden_Virus_MH727531	57.3645	6766	0.4545	100.0000	6766	1053	1064	0.4582	55	24.98
8_S8_L001.cov.txt	SINV_6f_SANGER_FORMOSA_MH714707	163.2852	9816	0.4030	99.9185	9808	4978	5011	0.4254	125	142.05
8_S8_L001.cov.txt	SINV_6h_SANGER_HOGTOWN_MH714708	12.4501	9815	0.4019	34.0499	3342	375	374	0.4083	0	33.65
8_S8_L001.cov.txt	SINV_7_SANGER_MH719200	341.3048	10282	0.4342	98.8329	10162	10609	10771	0.4538	308	195.21
8_S8_L001.cov.txt	SINV_8_SANGER_MH727525	69.6424	12194	0.3749	99.2947	12108	2931	2933	0.3849	48	116.32
8_S8_L001.cov.txt	SINV_9_SANGER_MH727526	4.0637	10178	0.3448	76.4099	7777	129	131	0.3634	2	4.15
8_S8_L001.cov.txt	SINV_10_SANGER_MH727527	30.3533	10997	0.3754	99.4453	10936	1060	1068	0.4057	25	22.85
8_S8_L001.cov.txt	SINV_11_SANGER_MH727528	6.5988	9209	0.4219	93.5064	8611	186	186	0.4317	6	4.90
8_S8_L001.cov.txt	SINV_12_SANGER_MH727529	16.8155	9540	0.3658	94.0356	8971	537	538	0.3807	8	45.82
8_S8_L001.cov.txt	SINV_13_SANGER_MH727530	0.7007	8324	0.3913	27.8472	2318	17	17	0.4249	0	1.23
8_S8_L001.cov.txt	Solenopsis_Midden_Virus_MH727531	3.0674	6766	0.4545	61.3213	4149	61	62	0.4765	2	3.44
3_S3_L001.cov.txt	SINV_6f_SANGER_FORMOSA_MH714707	711.6451	9816	0.4030	99.9491	9811	15554	15746	0.3970	274	942.63
3_S3_L001.cov.txt	SINV_6h_SANGER_HOGTOWN_MH714708	42.0131	9815	0.4019	56.9536	5590	841	851	0.4007	1	93.87
3_S3_L001.cov.txt	SINV_7_SANGER_MH719200	647.7300	10282	0.4342	100.0000	10282	14349	14877	0.4653	435	537.59
3_S3_L001.cov.txt	SINV_8_SANGER_MH727525	0.9084	12194	0.3749	38.3057	4671	27	28	0.3738	0	1.66
3_S3_L001.cov.txt	SINV_9_SANGER_MH727526	22.4075	10178	0.3448	100.0000	10178	512	516	0.3611	19	13.04
3_S3_L001.cov.txt	SINV_10_SANGER_MH727527	0.5141	10997	0.3754	15.2223	1674	13	13	0.4388	0	1.46
3_S3_L001.cov.txt	SINV_11_SANGER_MH727528	0.9820	9209	0.4219	31.5344	2904	20	20	0.4058	0	1.87
3_S3_L001.cov.txt	SINV_12_SANGER_MH727529	5.1883	9540	0.3658	26.2998	2509	84	147	0.3719	0	25.14
3_S3_L001.cov.txt	SINV_13_SANGER_MH727530	0.9019	8324	0.3913	34.3585	2860	18	18	0.4091	0	1.39
3_S3_L001.cov.txt	Solenopsis_Midden_Virus_MH727531	0.0835	6766	0.4545	4.4931	304	1	1	0.4156	0	0.39
1_S1_L001.cov.txt	SINV_6f_SANGER_FORMOSA_MH714707	503.1823	9816	0.4030	99.8981	9806	10912	11024	0.3982	191	678.43
1_S1_L001.cov.txt	SINV_6h_SANGER_HOGTOWN_MH714708	14.1495	9815	0.4019	49.9542	4903	291	291	0.4047	0	29.36
1_S1_L001.cov.txt	SINV_7_SANGER_MH719200	674.7350	10282	0.4342	100.0000	10282	15035	15499	0.4926	165	1096.06
1_S1_L001.cov.txt	SINV_8_SANGER_MH727525	0.9080	12194	0.3749	14.1217	1722	36	38	0.3516	0	4.43
1_S1_L001.cov.txt	SINV_9_SANGER_MH727526	0.0326	10178	0.3448	1.6310	166	1	1	0.4458	0	0.25
1_S1_L001.cov.txt	SINV_10_SANGER_MH727527	0.9762	10997	0.3754	28.7715	3164	24	25	0.4138	0	1.83
1_S1_L001.cov.txt	SINV_11_SANGER_MH727528	1.4173	9209	0.4219	31.5778	2908	29	29	0.4166	0	2.70
1_S1_L001.cov.txt	SINV_12_SANGER_MH727529	6.1496	9540	0.3658	83.6164	7977	129	132	0.3794	4	6.77
1_S1_L001.cov.txt	SINV_13_SANGER_MH727530	0.5660	8324	0.3913	28.0034	2331	9	10	0.4183	0	0.99
1_S1_L001.cov.txt	Solenopsis_Midden_Virus_MH727531	0.0000	6766	0.4545	0.0000	0	0	0	0.0000	-1	0.00
4_S4_L001.cov.txt	SINV_6f_SANGER_FORMOSA_MH714707	377.5565	9816	0.4030	99.8778	9804	7986	8078	0.3978	170	468.07
4_S4_L001.cov.txt	SINV_6h_SANGER_HOGTOWN_MH714708	25.0511	9815	0.4019	48.5074	4761	500	515	0.3948	0	54.64
4_S4_L001.cov.txt	SINV_7_SANGER_MH719200	895.2552	10282	0.4342	100.0000	10282	19168	19797	0.4711	530	909.10
4_S4_L001.cov.txt	SINV_8_SANGER_MH727525	29.1737	12194	0.3749	99.6146	12147	795	805	0.3782	27	18.04
4_S4_L001.cov.txt	SINV_9_SANGER_MH727526	0.0000	10178	0.3448	0.0000	0	0	0	0.0000	-1	0.00
4_S4_L001.cov.txt	SINV_10_SANGER_MH727527	140.3636	10997	0.3754	99.8454	10980	3258	3296	0.4083	59	172.53
4_S4_L001.cov.txt	SINV_11_SANGER_MH727528	9.0399	9209	0.4219	53.0785	4888	175	176	0.4163	1	16.79
4_S4_L001.cov.txt	SINV_12_SANGER_MH727529	24.1089	9540	0.3658	98.2495	9373	491	541	0.3791	20	27.83
4_S4_L001.cov.txt	SINV_13_SANGER_MH727530	1.6408	8324	0.3913	51.2254	4264	27	27	0.4144	1	2.20
4_S4_L001.cov.txt	Solenopsis_Midden_Virus_MH727531	0.0559	6766	0.4545	2.7934	189	1	1	0.5079	0	0.33
5_S5_L001.cov.txt	SINV_6f_SANGER_FORMOSA_MH714707	1.4540	9816	0.4030	37.2963	3661	29	30	0.4049	0	2.43
5_S5_L001.cov.txt	SINV_6h_SANGER_HOGTOWN_MH714708	0.0605	9815	0.4019	5.4916	539	1	1	0.3975	0	0.26
5_S5_L001.cov.txt	SINV_7_SANGER_MH719200	14326.8489	10282	0.4342	100.0000	10282	306915	316960	0.4476	13714	5100.69
5_S5_L001.cov.txt	SINV_8_SANGER_MH727525	0.0000	12194	0.3749	0.0000	0	0	0	0.0000	-1	0.00
5_S5_L001.cov.txt	SINV_9_SANGER_MH727526	0.0572	10178	0.3448	3.0065	306	1	1	0.3585	0	0.33
5_S5_L001.cov.txt	SINV_10_SANGER_MH727527	0.0000	10997	0.3754	0.0000	0	0	0	0.0000	-1	0.00
5_S5_L001.cov.txt	SINV_11_SANGER_MH727528	0.4009	9209	0.4219	20.5017	1888	8	8	0.4075	0	0.82
5_S5_L001.cov.txt	SINV_12_SANGER_MH727529	3.3558	9540	0.3658	14.6855	1401	53	95	0.3657	0	16.98
5_S5_L001.cov.txt	SINV_13_SANGER_MH727530	2.4183	8324	0.3913	70.2307	5846	42	42	0.4113	2	2.55
5_S5_L001.cov.txt	Solenopsis_Midden_Virus_MH727531	0.4223	6766	0.4545	22.5096	1523	6	6	0.4414	0	0.80
